/annex/objects/SHA256E-s140--97fd894bdd232567dac409079623c56afc8a2b53085b18e9863ab7778882e5c3.tsv
