/annex/objects/SHA256E-s1911--08b7c0e9514de84827943aa94b158c12d384bc82911d3e418e1ad71d7e1011f3.tsv
